00000000000000000000000000000000000000000000000000000000000000000000000000000000
00000000000000000000000000000000000000000000000000000000000000000000000000000000
00000000000000000010100000000000000000000000000000000000000000000000000000000000
00000000000001100100000000000000000000000000000000000000000000000000000000000000
00000000000001011000000000000000000000000000000000000000000000000000000000000000
00000000000010000011000000000000000000000000000000000000000000000000000000000000
00000000101001000000000000000000000000000000000000000000000000000000000000000000
00000001000000000000000000000000000000000000000000000000000000000000000000000000
00000001000100111011000000000000000000000000000000000000000000000000000000000000
00000001000100001000000000000000000000000000000000000000000000000000000000000000
00000000000010110000000000000000000000000000000000000000000000000000000000000000
00000000100010110000000000000000000000000000000000000000000000000000000000000000
00000001101110000000000000000000000000000000000000000000000000000000000000000000
00000000000110100000000000000000000000000000000000000000000000000000000000000000
00000001100111000000000000000000000000000000000000000000000000000000000000000000
00000001101000000000000000000000000000000000000000000000000000000000000000000000
00000000001100001100000000000000000000000000000000000000000000000000000000000000
00000000111000000000000000000000000000000000000000000000000000000000000000000000
00000000010011101100000000000000000000000000000000000000000000000000000000000000
00000000001100110000000000000000000000000000000000000000000000000000000000000000
00000000000111000000000000000000000000000000000000000000000000000000000000000000
00000000000000000000000000000000000000000000000000000000000000000000000000000000
00000000000000000000000000000000000000000000000000000000000000000000000000000000
00000000000000000000000000000000000000000000000000000000000000000000000000000000
00000000000000000000000000000000000000000000000000000000000000000000000000000000